Best Solution:
theta1=15.199116361661993
theta2=12.89041795278792
s=1118.5301769104117
xo1=-129.0685386894533
yo1=51.39711010981853
xo2=278.8254858722373
yo2=102.65325624368478
r=274.0681362725451
xp=142.86081101834046
yp=85.5678741990627